id=4941
Yellow Backpack
containable=1
containSize=2.000000,vertSlotRot=-0.250000
permanent=0,minPickupAge=3
noFlip=0
sideAccess=0
heldInHand=0
blocksWalking=0,leftBlockingRadius=0,rightBlockingRadius=0,drawBehindPlayer=0
mapChance=0.000000#biomes_0
heatValue=0
rValue=0.000000
person=0,noSpawn=0
male=0
deathMarker=0
homeMarker=0
floor=0
floorHugging=0
foodValue=0
speedMult=1.000000
heldOffset=10.000000,27.000000
clothing=p
clothingOffset=-19.999992,63.000004
deadlyDistance=0
useDistance=1
sounds=153:0.250000,286:0.101010,-1:0.0,-1:0.0
creationSoundInitialOnly=1
creationSoundForce=0
numSlots=5#timeStretch=1.000000
slotSize=1.000000
slotsLocked=0
slotPos=-7.000000,-4.000000,vert=1,parent=-1
slotPos=-5.000000,-2.000000,vert=1,parent=-1
slotPos=-2.000000,-1.000000,vert=1,parent=-1
slotPos=-5.000000,-4.000000,vert=1,parent=-1
slotPos=-4.000000,-5.000000,vert=1,parent=-1
numSprites=3
spriteID=3404
pos=-9.000000,-24.000000
rot=0.000000
hFlip=0
color=1.000000,0.702000,0.000000
ageRange=-1.000000,-1.000000
parent=-1
invisHolding=0,invisWorn=0,behindSlots=0
invisCont=0
spriteID=3410
pos=16.000002,-28.000000
rot=0.000000
hFlip=0
color=1.000000,0.702000,0.000000
ageRange=-1.000000,-1.000000
parent=-1
invisHolding=0,invisWorn=1,behindSlots=0
invisCont=0
spriteID=3411
pos=21.000000,-24.000000
rot=0.000000
hFlip=0
color=1.000000,0.702000,0.000000
ageRange=-1.000000,-1.000000
parent=-1
invisHolding=0,invisWorn=2,behindSlots=0
invisCont=0
headIndex=-1
bodyIndex=-1
backFootIndex=-1
frontFootIndex=-1
numUses=1,1.000000
useVanishIndex=-1
useAppearIndex=-1
pixHeight=8